Observation sequence length: 1000
logProb = -1921.8434394242631
oldLogProb = -1921.843439424263
Iters: 3661

A Matrix: 
0.7072203985718636 3.859146617004521E-83 0.28462750954988897 0.00815209187824757 
9.969166916640515E-15 0.6206875019818454 0.027371917139057213 0.35194058087908603 
0.21856896941335674 0.30778543110473383 0.47364559948190926 1.380974991578863E-73 
0.0716200146239323 0.13271958535935663 0.38265677667962866 0.4130036233370828 

B Matrix: 
0.7247947161319492 0.201674944389634 0.07353033947841686 0.0 
4.284827316984959E-135 0.29081052892757636 0.37639511433616185 0.33279435673626073 
0.0 1.5893652918275323E-23 0.36988229618808177 0.630117703811918 
0.3292314564881499 0.6399687340201141 0.030799809491736302 4.3170696863139746E-45 

pi sequence: 
1.0
0.0
0.0
0.0

