Observation sequence length: 1000
logProb = -1913.8299036552085
oldLogProb = -1913.8299038122611
Iters: 5000

A Matrix: 
0.7275744004658453 9.905892250412193E-52 6.822030303647561E-162 3.3725739952145665E-175 0.2724255995341537 
0.01743510649958836 0.5784844856523423 0.29637710989759064 0.10770329795047995 1.3426063886152607E-36 
0.09450804463836321 0.3671330314258972 0.53835892393574 1.8461622130342224E-131 6.615093436406733E-157 
0.077906272212068 1.0115747263367992E-94 0.34166174158923984 0.5804319861986944 2.7296547967599357E-122 
4.384301521666571E-250 1.6184484322689547E-305 0.44378795882930877 0.33344185739529913 0.22277018377539207 

B Matrix: 
0.6999275354470529 0.3000724645529462 6.864423519632933E-111 0.0 
0.12392903128904328 0.5979027549945434 0.2781682134006787 3.1573512471320447E-10 
6.534695948836548E-216 0.05323914285219146 0.29175667778322667 0.6550041793645827 
0.6692027325831321 9.194964079192202E-8 0.09697458202345363 0.23382259344377604 
1.6629556275684966E-142 2.26353225986267E-4 0.687028446095988 0.3127452006780256 

pi sequence: 
0.0
0.0
0.0
1.0
0.0

