Observation sequence length: 10000
logProb = -19346.171130534705
oldLogProb = -19346.171130635365
Iters: 10000

A Matrix: 
0.6843840218807103 1.5352131826971727E-9 0.2565048479136192 0.059111128670457515 
0.07085991435049023 0.44333908712409187 0.1611267266736822 0.3246742718517321 
0.14393708282550122 5.202273340596005E-5 0.5688165343884318 0.28719436005265864 
0.21681237069137957 0.6563354125058996 0.1268427795356399 9.437267078645849E-6 

B Matrix: 
0.7123245700406418 0.18480156245773632 0.10287386750162343 0.0 
0.05794719375027642 0.405426935844107 0.3126091742343108 0.2240166961713061 
0.0 0.1471453430266107 0.1746062837679088 0.6782483732054786 
0.18706644385739157 0.479840562315489 0.3330927149779731 2.788491428820645E-7 

pi sequence: 
1.0000000000000002
0.0
0.0
0.0

